T(K)        G18/(RT)
1.30000e+03 1.48861094e+01
1.31106e+03 1.48820527e+01
1.32211e+03 1.48780638e+01
1.33317e+03 1.48741411e+01
1.34422e+03 1.48702829e+01
1.35528e+03 1.48664876e+01
1.36633e+03 1.48627538e+01
1.37739e+03 1.48590799e+01
1.38844e+03 1.48554645e+01
1.39950e+03 1.48519063e+01
1.41055e+03 1.48484038e+01
1.42161e+03 1.48449557e+01
1.43266e+03 1.48415609e+01
1.44372e+03 1.48382181e+01
1.45477e+03 1.48349261e+01
1.46583e+03 1.48316838e+01
1.47688e+03 1.48284900e+01
1.48794e+03 1.48253436e+01
1.49899e+03 1.48222437e+01
1.51005e+03 1.48191891e+01
1.52111e+03 1.48161790e+01
1.53216e+03 1.48132123e+01
1.54322e+03 1.48102881e+01
1.55427e+03 1.48074055e+01
1.56533e+03 1.48045636e+01
1.57638e+03 1.48017615e+01
1.58744e+03 1.47989985e+01
1.59849e+03 1.47962738e+01
1.60955e+03 1.47935864e+01
1.62060e+03 1.47909357e+01
1.63166e+03 1.47883210e+01
1.64271e+03 1.47857414e+01
1.65377e+03 1.47831963e+01
1.66482e+03 1.47806850e+01
1.67588e+03 1.47782069e+01
1.68693e+03 1.47757612e+01
1.69799e+03 1.47733474e+01
1.70905e+03 1.47709648e+01
1.72010e+03 1.47686128e+01
1.73116e+03 1.47662909e+01
1.74221e+03 1.47639984e+01
1.75327e+03 1.47617349e+01
1.76432e+03 1.47594997e+01
1.77538e+03 1.47572923e+01
1.78643e+03 1.47551123e+01
1.79749e+03 1.47529591e+01
1.80854e+03 1.47508322e+01
1.81960e+03 1.47487312e+01
1.83065e+03 1.47466555e+01
1.84171e+03 1.47446048e+01
1.85276e+03 1.47425785e+01
1.86382e+03 1.47405763e+01
1.87487e+03 1.47385976e+01
1.88593e+03 1.47366422e+01
1.89698e+03 1.47347096e+01
1.90804e+03 1.47327993e+01
1.91910e+03 1.47309111e+01
1.93015e+03 1.47290445e+01
1.94121e+03 1.47271992e+01
1.95226e+03 1.47253747e+01
1.96332e+03 1.47235709e+01
1.97437e+03 1.47217872e+01
1.98543e+03 1.47200233e+01
1.99648e+03 1.47182790e+01
2.00754e+03 1.47165540e+01
2.01859e+03 1.47148478e+01
2.02965e+03 1.47131602e+01
2.04070e+03 1.47114909e+01
2.05176e+03 1.47098395e+01
2.06281e+03 1.47082059e+01
2.07387e+03 1.47065897e+01
2.08492e+03 1.47049906e+01
2.09598e+03 1.47034084e+01
2.10704e+03 1.47018428e+01
2.11809e+03 1.47002936e+01
2.12915e+03 1.46987604e+01
2.14020e+03 1.46972431e+01
2.15126e+03 1.46957414e+01
2.16231e+03 1.46942550e+01
2.17337e+03 1.46927837e+01
2.18442e+03 1.46913274e+01
2.19548e+03 1.46898857e+01
2.20653e+03 1.46884584e+01
2.21759e+03 1.46870454e+01
2.22864e+03 1.46856464e+01
2.23970e+03 1.46842612e+01
2.25075e+03 1.46828897e+01
2.26181e+03 1.46815315e+01
2.27286e+03 1.46801865e+01
2.28392e+03 1.46788546e+01
2.29497e+03 1.46775355e+01
2.30603e+03 1.46762290e+01
2.31709e+03 1.46749350e+01
2.32814e+03 1.46736533e+01
2.33920e+03 1.46723837e+01
2.35025e+03 1.46711261e+01
2.36131e+03 1.46698802e+01
2.37236e+03 1.46686460e+01
2.38342e+03 1.46674232e+01
2.39447e+03 1.46662116e+01
2.40553e+03 1.46650113e+01
2.41658e+03 1.46638219e+01
2.42764e+03 1.46626433e+01
2.43869e+03 1.46614754e+01
2.44975e+03 1.46603181e+01
2.46080e+03 1.46591711e+01
2.47186e+03 1.46580345e+01
2.48291e+03 1.46569079e+01
2.49397e+03 1.46557913e+01
2.50503e+03 1.46546846e+01
2.51608e+03 1.46535876e+01
2.52714e+03 1.46525002e+01
2.53819e+03 1.46514223e+01
2.54925e+03 1.46503538e+01
2.56030e+03 1.46492944e+01
2.57136e+03 1.46482442e+01
2.58241e+03 1.46472029e+01
2.59347e+03 1.46461706e+01
2.60452e+03 1.46451470e+01
2.61558e+03 1.46441320e+01
2.62663e+03 1.46431256e+01
2.63769e+03 1.46421277e+01
2.64874e+03 1.46411380e+01
2.65980e+03 1.46401566e+01
2.67085e+03 1.46391833e+01
2.68191e+03 1.46382181e+01
2.69296e+03 1.46372607e+01
2.70402e+03 1.46363112e+01
2.71508e+03 1.46353695e+01
2.72613e+03 1.46344353e+01
2.73719e+03 1.46335087e+01
2.74824e+03 1.46325896e+01
2.75930e+03 1.46316778e+01
2.77035e+03 1.46307733e+01
2.78141e+03 1.46298760e+01
2.79246e+03 1.46289858e+01
2.80352e+03 1.46281027e+01
2.81457e+03 1.46272264e+01
2.82563e+03 1.46263570e+01
2.83668e+03 1.46254944e+01
2.84774e+03 1.46246385e+01
2.85879e+03 1.46237892e+01
2.86985e+03 1.46229465e+01
2.88090e+03 1.46221102e+01
2.89196e+03 1.46212803e+01
2.90302e+03 1.46204568e+01
2.91407e+03 1.46196394e+01
2.92513e+03 1.46188283e+01
2.93618e+03 1.46180233e+01
2.94724e+03 1.46172243e+01
2.95829e+03 1.46164313e+01
2.96935e+03 1.46156442e+01
2.98040e+03 1.46148629e+01
2.99146e+03 1.46140874e+01
3.00251e+03 1.46133176e+01
3.01357e+03 1.46125535e+01
3.02462e+03 1.46117949e+01
3.03568e+03 1.46110419e+01
3.04673e+03 1.46102943e+01
3.05779e+03 1.46095521e+01
3.06884e+03 1.46088153e+01
3.07990e+03 1.46080838e+01
3.09095e+03 1.46073575e+01
3.10201e+03 1.46066364e+01
3.11307e+03 1.46059204e+01
3.12412e+03 1.46052095e+01
3.13518e+03 1.46045036e+01
3.14623e+03 1.46038026e+01
3.15729e+03 1.46031066e+01
3.16834e+03 1.46024154e+01
3.17940e+03 1.46017290e+01
3.19045e+03 1.46010474e+01
3.20151e+03 1.46003705e+01
3.21256e+03 1.45996983e+01
3.22362e+03 1.45990306e+01
3.23467e+03 1.45983675e+01
3.24573e+03 1.45977090e+01
3.25678e+03 1.45970549e+01
3.26784e+03 1.45964052e+01
3.27889e+03 1.45957599e+01
3.28995e+03 1.45951190e+01
3.30101e+03 1.45944823e+01
3.31206e+03 1.45938499e+01
3.32312e+03 1.45932217e+01
3.33417e+03 1.45925977e+01
3.34523e+03 1.45919778e+01
3.35628e+03 1.45913620e+01
3.36734e+03 1.45907502e+01
3.37839e+03 1.45901424e+01
3.38945e+03 1.45895386e+01
3.40050e+03 1.45889387e+01
3.41156e+03 1.45883427e+01
3.42261e+03 1.45877506e+01
3.43367e+03 1.45871623e+01
3.44472e+03 1.45865777e+01
3.45578e+03 1.45859969e+01
3.46683e+03 1.45854198e+01
3.47789e+03 1.45848463e+01
3.48894e+03 1.45842765e+01
3.50000e+03 1.45837103e+01
